0 0.3595098 0.5516911 0.0970261 0.1073692
0 0.7250653 0.5728513 0.0265032 0.0405718
0 0.5168954 0.5742483 0.0569607 0.0546732
0 0.3089624 0.2970016 0.0479575 0.0374999
0 0.5062826 0.279714 0.0413888 0.0341013
0 0.203995 0.6541094 0.0113888 0.0345915
0 0.1598366 0.6631454 0.0216339 0.0563888
0 0.3619771 0.2925653 0.0301633 0.033562
0 0.1432107 0.6600735 0.0312581 0.0861274
0 0.1772875 0.6759967 0.0216339 0.0527124
0 0.1962091 0.6717401 0.0212418 0.0631209
5 0.5313888 0.5112173 0.6502287 0.7264542
5 0.9642483 0.5897957 0.0715032 0.1439052
5 0.8734068 0.5732189 0.1031862 0.1139215
