0 0.2449609 0.5548645 0.1300468 0.4758541
0 0.6632734 0.2982916 0.0580156 0.0948333
0 0.4840468 0.52875 0.1389375 0.6580833
0 0.4047578 0.6232916 0.1556718 0.5189166
0 0.8942734 0.6999479 0.2114531 0.6001041
0 0.7307031 0.7172187 0.1795312 0.5655625
0 0.6641718 0.6656979 0.1381875 0.6651041
0 0.5806171 0.6483125 0.1297656 0.6539166
0 0.7106171 0.3491875 0.1376406 0.2524166
0 0.3613828 0.5369062 0.1496406 0.5682291
0 0.1277656 0.607052 0.0925937 0.4427708
0 0.5872031 0.2901562 0.0822499 0.0856875
26 0.3760937 0.4018749 0.0975312 0.1209166
26 0.110289 0.5195416 0.0870781 0.1062083
30 0.0737265 0.5989062 0.0832656 0.2531875
30 0.3625625 0.5898437 0.1097812 0.2448958
42 0.1106015 0.7226041 0.0741093 0.1819166
