61 0.4643437 0.5678985 0.1636249 0.1815527
63 0.3339843 0.3783747 0.0949687 0.1912836
63 0.6071953 0.5877225 0.1289218 0.2960662
64 0.3185703 0.7680641 0.6269218 0.4311594
83 0.719164 0.4353933 0.0133906 0.0736853
83 0.7145625 0.5588716 0.0125312 0.0702484
83 0.6990937 0.6572877 0.0083124 0.0821532
83 0.800039 0.433561 0.0189843 0.076149
83 0.7675781 0.4417287 0.0116875 0.0580745
83 0.7430859 0.4341407 0.0458281 0.0746169
83 0.8425312 0.5564906 0.0381249 0.083706
83 0.8147343 0.4358695 0.006375 0.0707867
83 0.7803593 0.1430848 0.0063749 0.0566459
83 0.8214375 0.2407142 0.0043749 0.0781987
83 0.7963359 0.3289855 0.0509218 0.0131677
83 0.7483359 0.5203726 0.0758593 0.0251345
83 0.7279531 0.5596997 0.012875 0.0689648
83 0.7695312 0.4026915 0.2390625 0.6273291
