0 0.6864453 0.53196 0.0828906 0.3239671
0 0.6124843 0.4461971 0.023625 0.0838967
61 0.6046562 0.6325469 0.0875 0.2413849
61 0.5025078 0.6273239 0.0966093 0.2311737
61 0.6691953 0.6189906 0.0471406 0.1909859
61 0.5127968 0.5282511 0.0337187 0.0272065
61 0.651664 0.5288262 0.0150468 0.0293896
63 0.3895781 0.4161032 0.0385937 0.1631455
66 0.5999843 0.6471478 0.1961875 0.2087558
71 0.1276406 0.5051525 0.2333125 0.2226995
71 0.9341953 0.5834624 0.1271093 0.1848122
77 0.8118593 0.5017253 0.0230312 0.0374882
81 0.7863203 0.5363732 0.0317031 0.2542488
83 0.9561562 0.7717018 0.0224062 0.1073004
83 0.96825 0.7780751 0.0201249 0.109014
84 0.7105546 0.31 0.0218281 0.0513615
85 0.8865624 0.8316079 0.0573124 0.2104929
85 0.5569453 0.5167018 0.0177656 0.0529342
85 0.3880468 0.4784154 0.0222187 0.0413849
85 0.5338359 0.487946 0.0152031 0.0392723
